          0           0 2.31525e-33 5.59065e-35           0           0 3.55093e-33 2.71774e-35
0.000185976 0.000220278  0.00254645 0.000603475  0.00139812  0.00124816 0.000571925 0.000912807
0.000825041 0.000954752  0.00866839  0.00207488  0.00491059  0.00436642  0.00199695  0.00318855
 0.00196237  0.00224907   0.0171316   0.0041214   0.0095773  0.00855661   0.0039241  0.00636612
 0.00356548  0.00404973   0.0276867  0.00669808   0.0153425   0.0137605  0.00633279   0.0104338
 0.00559728  0.00630656   0.0403448  0.00980177    0.022215   0.0199672  0.00921647   0.0153857
 0.00801579  0.00897196   0.0550736   0.0134323   0.0299556    0.027013   0.0125147   0.0212066
  0.0107978   0.0120015   0.0714441   0.0175207   0.0385532     0.03486    0.016207   0.0278809
  0.0138986   0.0153532   0.0896527   0.0220987   0.0478679   0.0434119   0.0202562    0.035402
  0.0172854   0.0189876    0.109582   0.0271569   0.0578307    0.052599   0.0246391   0.0437582
  0.0209231   0.0228687    0.131144   0.0326905   0.0682817   0.0623031   0.0293003   0.0529488
   0.024777   0.0269619    0.154385   0.0387128    0.079196   0.0724838   0.0342319   0.0629744
  0.0288166   0.0312356    0.179267   0.0452229   0.0905739   0.0831163   0.0394265   0.0738387
   0.033009   0.0356607    0.205754   0.0522178    0.102287   0.0940994   0.0448396   0.0855436
  0.0373262   0.0402099    0.233818   0.0596953    0.114358    0.105417   0.0504752    0.098093
  0.0417403   0.0448582    0.263374   0.0676358    0.126703    0.117003   0.0563027    0.111486
   0.046226   0.0495829    0.294313   0.0760214    0.139259    0.128797   0.0623026    0.125711
  0.0507593   0.0543626    0.326514   0.0848333    0.151946    0.140733   0.0684511    0.140766
  0.0553183   0.0591778    0.359851   0.0940537    0.164712    0.152767   0.0747296    0.156643
  0.0598818   0.0640104     0.39419    0.103673    0.177466    0.164838   0.0811185    0.173329
  0.0644307   0.0688434    0.429415    0.113677    0.190166    0.176921   0.0876115    0.190812
  0.0689464    0.073661     0.46543    0.124055    0.202768    0.188981   0.0941887    0.209076
  0.0734116   0.0784484     0.50214    0.134796    0.215237    0.201005    0.100852    0.228099
  0.0778101   0.0831917    0.539486    0.145879    0.227556    0.212999    0.107607    0.247855
  0.0821266   0.0878778    0.577395    0.157296    0.239713    0.224964    0.114443    0.268308
  0.0863469   0.0924942    0.615818    0.169044    0.251718     0.23691    0.121372     0.28942
  0.0904577   0.0970293    0.654694    0.181116    0.263564    0.248863    0.128401    0.311158
  0.0944468    0.101472    0.693966    0.193534     0.27527    0.260835    0.135533    0.333487
  0.0983027    0.105812    0.733572    0.206296    0.286832    0.272836    0.142772    0.356367
   0.102015    0.110039    0.773456     0.21939    0.298259    0.284878    0.150119    0.379773
   0.105576    0.114145    0.813541    0.232807    0.309554    0.296955    0.157573    0.403684
   0.108976    0.118119     0.85376     0.24651    0.320714    0.309073     0.16514     0.42807
   0.112209    0.121954     0.89405    0.260459     0.33176    0.321231    0.172814    0.452915
   0.115269     0.12564     0.93436    0.274645    0.342723    0.333428    0.180596      0.4782
   0.118149    0.129171    0.974669     0.28907    0.353603    0.345672    0.188494    0.503907
   0.120842    0.132541     1.01498    0.303719    0.364398    0.357942    0.196498    0.530034
   0.123343    0.135743      1.0553    0.318578    0.375124    0.370223    0.204607    0.556569
   0.125647    0.138772     1.09563    0.333629    0.385798    0.382533    0.212831    0.583502
   0.127751    0.141622     1.13598    0.348846     0.39645     0.39486     0.22117    0.610835
   0.129652    0.144287     1.17634    0.364211    0.407107    0.407204    0.229622    0.638568
   0.131347    0.146762      1.2167      0.3797    0.417803    0.419581    0.238197    0.666686
   0.132835    0.149041     1.25707    0.395287    0.428592    0.432004    0.246898    0.695183
   0.134114    0.151119     1.29744    0.410939    0.439535    0.444495    0.255731    0.724041
   0.135183    0.152991      1.3378    0.426638    0.450681    0.457086    0.264712    0.753253
   0.136041    0.154652     1.37815    0.442368    0.462084    0.469798    0.273848    0.782795
   0.136688      0.1561     1.41849    0.458113    0.473793    0.482667    0.283146    0.812638
   0.137122    0.157329     1.45882     0.47386    0.485864    0.495734    0.292622    0.842757
   0.137344    0.158338     1.49914    0.489591    0.498347    0.509028    0.302289    0.873126
   0.137355    0.159125     1.53946    0.505316    0.511262    0.522576    0.312152    0.903705
   0.137154     0.15969     1.57978    0.521037    0.524621    0.536402    0.322217    0.934449
   0.136745     0.16003     1.62009    0.536755    0.538434    0.550527    0.332482     0.96532
    0.13613    0.160146     1.66039    0.552468    0.552705    0.564958    0.342957    0.996276
   0.135311    0.160038      1.7007     0.56818    0.567425    0.579716    0.353648     1.02728
   0.134292    0.159707     1.74102    0.583896    0.582597     0.59482    0.364557     1.05827
   0.133078    0.159152     1.78134    0.599614    0.598242    0.610295    0.375693     1.08924
   0.131672    0.158374     1.82166    0.615332    0.614393     0.62617    0.387069     1.12013
    0.13008    0.157374     1.86201     0.63103    0.631097    0.642488    0.398699     1.15092
   0.128308    0.156152     1.90236    0.646698    0.648415    0.659289    0.410596     1.18156
   0.126362    0.154708     1.94272    0.662309    0.666401    0.676617    0.422774     1.21203
   0.124247    0.153044     1.98307     0.67784    0.685105    0.694509    0.435248     1.24232
   0.121972     0.15116     2.02343    0.693268    0.704552    0.712987    0.448039     1.27238
   0.119544    0.149057     2.06377    0.708556    0.724737    0.732069    0.461153      1.3022
   0.116971    0.146736     2.10409    0.723681    0.745628    0.751757    0.474604     1.33177
   0.114262      0.1442      2.1444     0.73862    0.767182    0.772041    0.488399     1.36107
   0.111425     0.14145     2.18471    0.753361    0.789351    0.792906    0.502548      1.3901
   0.108469    0.138488     2.22501    0.767878      0.8121     0.81435    0.517049     1.41883
   0.105401    0.135317     2.26528    0.782154    0.835407    0.836375    0.531904     1.44723
   0.102228    0.131936     2.30547    0.796186    0.859281    0.858983    0.547119      1.4753
  0.0989579    0.128349     2.34553    0.809957    0.883715    0.882179    0.562693     1.50299
  0.0955956    0.124557     2.38539    0.823427    0.908707    0.905973    0.578624     1.53028
  0.0921467    0.120563     2.42499    0.836559    0.934228    0.930357    0.594898     1.55715
  0.0886163    0.116373     2.46424    0.849356    0.960245    0.955308    0.611506     1.58356
  0.0850092    0.111992     2.50307    0.861831     0.98673    0.980809    0.628434     1.60948
  0.0813303     0.10743     2.54139     0.87398     1.01362     1.00682    0.645655     1.63489
  0.0775844    0.102696     2.57914    0.885792      1.0409     1.03333    0.663134     1.65973
   0.073777   0.0978042     2.61627     0.89726     1.06851     1.06029    0.680845     1.68396
  0.0699137   0.0927682      2.6527     0.90838     1.09638     1.08762    0.698745     1.70754
  0.0660016   0.0876052     2.68838    0.919138     1.12448     1.11531    0.716782     1.73041
  0.0620482   0.0823349     2.72327    0.929543     1.15269     1.14326    0.734907     1.75253
  0.0580621   0.0769792     2.75729    0.939606     1.18091     1.17137    0.753054     1.77388
   0.054054   0.0715612      2.7904    0.949315     1.20915     1.19961     0.77119     1.79442
  0.0500352   0.0661074     2.82254    0.958673     1.23725     1.22783    0.789234     1.81413
  0.0460183   0.0606455     2.85363    0.967668     1.26509     1.25592    0.807114     1.83299
   0.042019   0.0552048     2.88361    0.976279     1.29265     1.28383    0.824774     1.85096
  0.0380521   0.0498175     2.91238    0.984487     1.31971     1.31135    0.842103     1.86804
   0.034137   0.0445163     2.93987    0.992277     1.34619     1.33838    0.859036     1.88418
  0.0302932   0.0393358     2.96595    0.999619     1.37198     1.36479    0.875478     1.89936
  0.0265432   0.0343121     2.99054      1.0065     1.39688     1.39039    0.891337     1.91356
  0.0229124   0.0294818     3.01353      1.0129     1.42079     1.41505     0.90653     1.92676
  0.0194269   0.0248827     3.03481     1.01879     1.44354     1.43859    0.920956     1.93897
  0.0161172   0.0205533     3.05432     1.02414     1.46498     1.46081     0.93452     1.95015
  0.0130149   0.0165319     3.07198     1.02895     1.48495     1.48155    0.947115     1.96029
  0.0101546   0.0128573     3.08773     1.03319     1.50328     1.50059    0.958629     1.96936
 0.00757235  0.00956806     3.10155     1.03686      1.5198     1.51776    0.968959     1.97733
 0.00530915  0.00670222     3.11349     1.03999     1.53432     1.53285    0.977996     1.98415
 0.00340121  0.00429849     3.12345     1.04257     1.54665     1.54566    0.985631      1.9898
 0.00188405  0.00239547     3.13128     1.04458     1.55657       1.556    0.991757     1.99423
 0.00079772  0.00103148     3.13695     1.04602     1.56391     1.56364    0.996268     1.99742
0.000183364 0.000244508     3.14041      1.0469     1.56846     1.56838    0.999055     1.99935
          0           0      3.1416      1.0472        1.57        1.57           1           2
