           0            0 -1.00152e-33  -8.9977e-34            0            0  7.83538e-34  1.03796e-35
   0.0046029   0.00545187    0.0630246     0.014936    0.0346035     0.030892    0.0141551     0.022592
    0.011214    0.0127264    0.0884934    0.0214813    0.0523301    0.0462849    0.0211143    0.0337327
   0.0169349    0.0193079     0.120972      0.02917     0.063171    0.0574222    0.0265828    0.0449122
    0.022742    0.0252585     0.140265     0.034603    0.0795184    0.0713745    0.0330322    0.0557618
   0.0275452    0.0305982     0.173023    0.0422134    0.0905753    0.0822413    0.0383389    0.0667979
   0.0323128    0.0353704     0.191514    0.0476427     0.101005    0.0921425    0.0432913    0.0772711
   0.0365424    0.0396111     0.213656    0.0535444     0.111785      0.10207    0.0480928     0.087917
   0.0402021    0.0433434     0.237007    0.0597615     0.118753      0.10959    0.0521256     0.098231
   0.0436217    0.0466087     0.256234     0.065428     0.127826     0.117791    0.0563525     0.108585
   0.0464115    0.0494475     0.277436    0.0715284     0.130837     0.122385    0.0590107     0.118883
   0.0489715    0.0518589     0.297778    0.0775239      0.13929     0.129588    0.0630476     0.129248
   0.0510085    0.0539152     0.318062    0.0836004     0.142313     0.133566    0.0655186     0.139643
   0.0527538    0.0556061     0.337485    0.0895249     0.147591     0.138266    0.0684546     0.150053
   0.0540959    0.0569862     0.357083     0.095543     0.151152     0.141852    0.0710269     0.160545
   0.0551533    0.0580611     0.374426     0.100984     0.154408     0.144895    0.0732035     0.170927
   0.0558678     0.058874     0.391322     0.106559      0.15633        0.147    0.0752935     0.181159
   0.0563315    0.0594247     0.405656     0.111536     0.157688     0.148426    0.0768823      0.19145
   0.0565036    0.0597509      0.41944     0.116667     0.158256     0.149408    0.0785116     0.201507
   0.0564447    0.0598559     0.430437      0.12141     0.157406     0.149363    0.0796142     0.211465
   0.0561402    0.0597599     0.441394     0.126185     0.156937      0.14967    0.0810868     0.221231
    0.055622    0.0594757     0.449963     0.130687     0.154954     0.148828    0.0816994     0.230798
   0.0548922    0.0590124     0.458629     0.135146     0.153666     0.148757     0.083209     0.240031
   0.0539699    0.0583843     0.465668     0.139153     0.151223      0.14811    0.0839727     0.248929
   0.0528641    0.0575964     0.472588      0.14342     0.149666     0.148011     0.085218     0.257277
   0.0515884    0.0566602     0.478381     0.147334     0.147456     0.147668    0.0862954     0.265248
   0.0501554    0.0555841     0.483805     0.151461     0.145739      0.14816    0.0876694     0.272781
    0.048574    0.0543711     0.488165     0.155877     0.143969      0.14815     0.088838     0.279843
     0.04686    0.0530412     0.492097     0.159989     0.142202      0.14887    0.0903304     0.286439
   0.0450257    0.0515858     0.495031     0.164085     0.140604     0.149176    0.0914997     0.292867
   0.0430925    0.0500226      0.49707     0.167974     0.138945     0.149717    0.0929979     0.298929
   0.0410639    0.0483461     0.498355     0.171175      0.13728      0.15021    0.0942855     0.304621
   0.0389627     0.046563     0.498816     0.174063     0.136106     0.150702    0.0956357     0.310306
   0.0367704    0.0446769     0.498844     0.177053     0.135214     0.151182    0.0969842     0.315482
   0.0345001    0.0427179     0.498827     0.179957     0.134067     0.151852    0.0984795     0.320785
     0.03215    0.0406807     0.498892     0.182607      0.13312     0.151815    0.0996355     0.325845
   0.0297457    0.0385734        0.499     0.185162      0.13235     0.152159     0.101062     0.330888
   0.0272839    0.0363911     0.499197     0.187352     0.131828     0.152502     0.102472     0.335704
   0.0247903    0.0341417     0.499379     0.189252     0.131808     0.152602     0.103909     0.340804
   0.0222542     0.031823     0.499512     0.191038     0.131955     0.152901     0.105287     0.345576
   0.0197043    0.0294343     0.499566     0.192326     0.132762     0.153442     0.106942     0.350362
    0.017124    0.0269752     0.499512     0.193449     0.134282     0.154016      0.10841     0.354918
   0.0145377    0.0244529     0.499516     0.193927     0.136543     0.155135     0.110215     0.359338
   0.0119245    0.0218753     0.499388     0.194624     0.139336      0.15649     0.112048     0.363654
  0.00931347    0.0192448     0.499319     0.194709     0.142883     0.158131     0.114063     0.367506
  0.00668349    0.0165731     0.499181     0.194956     0.146902     0.160375     0.116076     0.371099
  0.00406235    0.0138563     0.499039     0.194783     0.151867     0.163043     0.118453      0.37436
  0.00143504    0.0111154     0.498879     0.194581     0.157084     0.165993     0.120795     0.377272
 -0.00117723   0.00836582     0.498969     0.194602     0.162563     0.169312     0.123327     0.379551
 -0.00377866   0.00560176     0.498953     0.194483      0.16807     0.172884     0.125767     0.381356
 -0.00634481    0.0028207     0.498697     0.194541      0.17381     0.176693      0.12829     0.382697
 -0.00888707   5.2311e-05     0.498824     0.194363     0.179378     0.180491     0.130977     0.383468
    -0.01138   -0.0027179     0.498859      0.19451     0.184944     0.184757      0.13362     0.383772
  -0.0138332  -0.00548223     0.498943     0.194453     0.190572      0.18908     0.136393     0.383462
  -0.0162248  -0.00824799     0.498969     0.194563     0.196643     0.193909     0.139212     0.382823
  -0.0185647   -0.0110003     0.499112     0.194471     0.203092     0.199014     0.142353     0.381772
  -0.0208298   -0.0137535     0.499343      0.19406     0.210342     0.204858     0.145495     0.380235
  -0.0230328   -0.0164945     0.499361     0.193713     0.218263     0.210956      0.14895     0.378196
   -0.025147   -0.0192365     0.499491     0.192671      0.22691     0.217909     0.152442     0.376007
  -0.0271851   -0.0219583     0.499389     0.191705     0.235996      0.22493     0.156297     0.373466
  -0.0291218   -0.0246758     0.499372     0.190132     0.245326     0.232382     0.160279     0.370562
   -0.030968    -0.027372     0.499158     0.188262     0.254255     0.239899     0.164303     0.367578
  -0.0327079   -0.0300658     0.498773     0.186089     0.262792      0.24739     0.168604     0.364238
  -0.0343432   -0.0327113      0.49885      0.18363     0.270673     0.254646     0.172806     0.361084
  -0.0358695   -0.0353447     0.498801      0.18122     0.278011     0.261762     0.177381      0.35739
  -0.0373011   -0.0379529     0.498645      0.17808     0.285031     0.268983     0.181532      0.35356
  -0.0386352   -0.0405502     0.497975     0.175244     0.291816     0.276128     0.186134     0.349455
  -0.0398853   -0.0431151     0.496792     0.172063      0.29907     0.283415     0.190424     0.345155
  -0.0410583   -0.0456721     0.494677     0.168755     0.305659     0.290693     0.195042     0.340202
    -0.04216   -0.0481851     0.491881     0.164634     0.312907     0.298204     0.199239     0.335171
  -0.0432007   -0.0506598      0.48816     0.160375     0.318736     0.305297     0.203539     0.329817
  -0.0441759   -0.0530528     0.483331     0.156348     0.325172     0.312248     0.207514     0.323825
  -0.0450986   -0.0553634     0.477569     0.152415     0.330336     0.318885     0.211464     0.317742
  -0.0459561   -0.0575493     0.470936     0.148262     0.335186     0.324823     0.214754      0.31112
  -0.0467541   -0.0596037     0.463494     0.144086     0.339887     0.331274     0.217853     0.303761
  -0.0474797   -0.0614793     0.455279     0.139746     0.343624     0.335975      0.22049     0.295929
  -0.0481356   -0.0631628     0.446399     0.135483     0.346136     0.340609     0.222527     0.287581
  -0.0486889   -0.0646223     0.436804     0.130765     0.349257     0.344768     0.223894     0.278518
  -0.0491588   -0.0658167     0.426586     0.126761     0.349046      0.34698     0.224714     0.269074
  -0.0494975   -0.0667376     0.415558     0.122303     0.349416     0.348661     0.224406     0.259178
  -0.0497027   -0.0673573     0.403875     0.117989     0.349569     0.350189     0.224463     0.249147
   -0.049763    -0.067624     0.391506     0.113638     0.345712      0.34828     0.222137     0.238746
  -0.0496532   -0.0675572     0.378012     0.108988     0.343468     0.347096       0.2204     0.228003
  -0.0493314   -0.0671011     0.363964     0.104133      0.33863     0.343611     0.216674      0.21694
  -0.0488473   -0.0662343      0.34819    0.0990019     0.331117     0.337506     0.212215     0.205637
  -0.0480532     -0.06497     0.332131    0.0938061     0.324279     0.331427     0.206887     0.193863
   -0.047079   -0.0632485     0.313462    0.0879199     0.313925     0.322261     0.200036     0.181795
  -0.0457344   -0.0610884     0.295041    0.0823784     0.302313     0.311293     0.192493     0.169611
  -0.0441275   -0.0584606     0.274013    0.0760356     0.289507     0.299103     0.183532     0.157261
  -0.0421394   -0.0553657     0.252665    0.0696044     0.273639     0.283468     0.173506     0.144738
  -0.0397764   -0.0517872     0.230159    0.0629915     0.256915     0.266496     0.162198     0.131972
  -0.0370039   -0.0477428     0.206813    0.0559245     0.237413     0.246783     0.149524     0.118998
  -0.0337884   -0.0432042     0.183202     0.048988     0.216303     0.224571      0.13545     0.105599
  -0.0301228   -0.0382043     0.158736    0.0419294     0.192419     0.200225     0.120223    0.0915761
  -0.0258914   -0.0327251     0.136753    0.0355487      0.16691     0.173234     0.103434    0.0773664
  -0.0213301   -0.0267673     0.109714    0.0282856     0.138272     0.144005    0.0855414    0.0623665
  -0.0162197   -0.0203326    0.0841114    0.0214766     0.107429     0.111781    0.0660853    0.0472714
   -0.010667    -0.013426    0.0562461    0.0142178    0.0742216    0.0773773    0.0455631    0.0317251
 -0.00453827  -0.00605157    0.0294265   0.00746966    0.0382026    0.0400024    0.0233976    0.0160643
           0            0 -1.53661e-33  2.61806e-34 -3.17609e-33   3.2801e-33  7.29747e-35  3.19734e-35
