           0            0  -3.2169e-33            0            0            0            0            0
-2.26361e-05  0.000168403    0.0207067  -0.00386807   0.00260565   0.00060319  0.000154866 -7.05924e-06
 0.000305785  0.000740428    0.0606439  -0.00458306   0.00351372   0.00110014  0.000354122  -8.1136e-06
  0.00166681   0.00177953    0.0937881  -0.00359568  0.000232039 -0.000608739 -0.000579549 -4.56889e-06
  0.00414864   0.00325948     0.123465   -0.0051045  -0.00120007  -0.00201044  -0.00149638 -1.06194e-05
  0.00753565   0.00515304     0.155959  -0.00424904   -0.0013679  -0.00197908  -0.00161191 -9.14715e-06
    0.011854   0.00744088     0.188809   -0.0040501  -0.00247982  -0.00259236  -0.00196194 -5.79142e-06
   0.0171625     0.010091     0.221045  -0.00399637   -0.0033457  -0.00289119  -0.00204391 -4.34441e-06
   0.0234573    0.0130798     0.253381  -0.00457371  -0.00341064    -0.002791  -0.00185354 -5.36498e-06
   0.0307027    0.0163931     0.285431  -0.00514284  -0.00424733  -0.00328766   -0.0019065 -8.80139e-06
   0.0388912    0.0200128       0.3173  -0.00574508   -0.0061313  -0.00445692   -0.0022875  -1.2597e-05
   0.0480414    0.0239141     0.349597  -0.00619321  -0.00775804   -0.0054674  -0.00270057 -1.69041e-05
   0.0581727    0.0280706     0.382351  -0.00632619  -0.00843449  -0.00582095  -0.00292382 -1.93413e-05
    0.069282      0.03246     0.415122  -0.00678412  -0.00851353  -0.00579629  -0.00290378 -2.22978e-05
   0.0813218    0.0370637     0.447417  -0.00690021  -0.00853161  -0.00569664  -0.00283082 -2.20163e-05
   0.0942192    0.0418647     0.479369  -0.00714888  -0.00865463  -0.00574305  -0.00277784 -2.29025e-05
    0.107892    0.0468474     0.511269  -0.00757041  -0.00878756  -0.00593182  -0.00284401 -2.47737e-05
    0.122259    0.0519958     0.543304  -0.00794145  -0.00888003  -0.00615191  -0.00302324 -2.46198e-05
    0.137238    0.0572937     0.575571  -0.00843976   -0.0090056  -0.00630637  -0.00317757 -2.31584e-05
     0.15275    0.0627242     0.607998  -0.00879576  -0.00920179  -0.00635955  -0.00327371  -2.0649e-05
    0.168718    0.0682696     0.640545  -0.00913816  -0.00945788  -0.00636628  -0.00325811 -1.97301e-05
    0.185064    0.0739118     0.673185   -0.0095914  -0.00968091  -0.00641758  -0.00322097 -2.04487e-05
     0.20171    0.0796335     0.705859  -0.00995772  -0.00981509  -0.00651341  -0.00324622 -2.03595e-05
    0.218576    0.0854173      0.73857   -0.0103362  -0.00986793  -0.00661423  -0.00330742 -1.99988e-05
    0.235584    0.0912466     0.771276   -0.0104967  -0.00986527  -0.00664941   -0.0033497 -1.90738e-05
    0.252654    0.0971042     0.803977   -0.0104959  -0.00980543  -0.00661235  -0.00331231 -1.86429e-05
    0.269708     0.102972     0.836676   -0.0104484  -0.00966405  -0.00651857  -0.00318624 -1.91608e-05
    0.286666     0.108834     0.869344   -0.0103405  -0.00941298   -0.0063799  -0.00301121 -2.03384e-05
     0.30345     0.114671     0.901978   -0.0103255  -0.00906704  -0.00619409  -0.00279612 -2.25138e-05
    0.319979     0.120467     0.934553   -0.0103011  -0.00865543  -0.00595832  -0.00256278 -2.44221e-05
     0.33617     0.126207     0.967065   -0.0100652  -0.00824034  -0.00565408  -0.00228983 -2.43563e-05
    0.351942     0.131876     0.999584  -0.00965604  -0.00782016  -0.00534159  -0.00200939 -2.28272e-05
    0.367214     0.137459       1.0322   -0.0091893  -0.00737692  -0.00505776  -0.00176231 -2.04591e-05
    0.381905     0.142938      1.06499  -0.00896441  -0.00689595  -0.00482792  -0.00155803 -1.86449e-05
    0.395937     0.148294      1.09782  -0.00900414  -0.00643209   -0.0046283  -0.00135368 -1.81834e-05
    0.409232     0.153506      1.13042  -0.00896795  -0.00610819  -0.00442024  -0.00110469 -1.88171e-05
    0.421714     0.158553      1.16246  -0.00819266  -0.00605172  -0.00411438 -0.000846918 -1.63482e-05
    0.433316     0.163416      1.19401  -0.00696675  -0.00615362  -0.00379654 -0.000733432 -1.00717e-05
    0.443995     0.168081      1.22551  -0.00568122  -0.00617795  -0.00361169  -0.00077764 -3.26334e-06
    0.453735     0.172538      1.25749   -0.0048409  -0.00603782  -0.00367935 -0.000812323 -1.96178e-06
     0.46254     0.176775      1.29016  -0.00426515  -0.00585833  -0.00382243 -0.000705346 -3.87965e-06
    0.470412     0.180765       1.3234  -0.00328825  -0.00552177  -0.00355906 -0.000382967 -3.16276e-06
    0.477356      0.18447      1.35683  -0.00191165  -0.00476508  -0.00276249   4.1826e-05  7.63992e-07
    0.483375     0.187863      1.38966  -0.00040275  -0.00429293  -0.00215979  0.000221264  4.88421e-06
    0.488469     0.190919      1.42174  0.000166016  -0.00428156  -0.00223249  3.98501e-06  2.17207e-06
     0.49264     0.193567      1.45312  0.000458104  -0.00300597  -0.00152957  8.14593e-05 -1.79794e-06
    0.495889     0.195769      1.48236  -0.00016439   -0.0016347 -0.000869639  4.12934e-05 -5.22873e-06
    0.498193     0.197715      1.51433  0.000688467  -0.00241282  -0.00113345 -0.000323927 -2.03059e-06
    0.499552     0.199334      1.55125   0.00124611  -0.00164776 -0.000610178 -0.000196402  1.82201e-06
         0.5          0.2         1.57            0            0            0            0            0
