           0            0            0            0            0            0            0            0
-0.000777728   0.00578903     0.711823    -0.132975    0.0895781    0.0207536   0.00532726 -0.000242551
   0.0120683    0.0138749     0.661094     0.108375   -0.0583475  -0.00362227   0.00154984  0.000206742
    0.034719    0.0218452     0.478325   -0.0744701     -0.05445   -0.0550848   -0.0335922 -8.42103e-05
   0.0505977      0.02903     0.541874    0.0225364   0.00523809   0.00688186   0.00212846 -0.000123293
   0.0658359    0.0360632      0.57518   0.00680466   -0.0109721  -0.00586301  -0.00605711   0.00017385
   0.0826146     0.042584     0.554091  1.32329e-05   -0.0272149   -0.0152769  -0.00593866 -5.87699e-05
   0.0998705    0.0485179     0.554082   0.00184508   -0.0025312   0.00497629   0.00316139  0.000108323
    0.116523    0.0542237     0.557506   -0.0216637  0.000304917  -0.00152474   0.00343027 -0.000143461
    0.132548    0.0596741     0.544259   0.00213174   -0.0290594    -0.015535  -0.00521502  2.52583e-05
    0.148943    0.0647581     0.551284   -0.0228053   -0.0356889   -0.0246764  -0.00787839 -0.000155936
    0.165608    0.0693548     0.558953    0.0074515   -0.0202119   -0.0101045  -0.00635736  8.06805e-06
     0.18267    0.0735312     0.566977    -0.011927  -0.00302146  -0.00208893  -0.00138084 -9.09583e-05
    0.199229    0.0773597      0.55956  -0.00370638   0.00031639   0.00292446   0.00200583 -9.43551e-06
    0.214654    0.0808956     0.550597 -0.000193737 -0.000938903  0.000516354  0.000460602  2.01984e-05
    0.228711    0.0841478     0.547811  -0.00828811  -0.00330582  -0.00208127    0.0013522 -5.00633e-05
    0.241325    0.0871367     0.548774  -0.00617193  -0.00128765  -0.00437904  -0.00361173 -1.43622e-05
    0.252534    0.0898482     0.552453  -0.00658506  -0.00191363  -0.00316554   -0.0025338  1.89067e-05
     0.26239    0.0922735     0.556777   -0.0105773  -0.00242306  -0.00212651   -0.0027689  3.01202e-05
    0.270863    0.0944073     0.557952  -0.00171707  -0.00434156  0.000320352 -0.000547784  5.47145e-05
    0.278051    0.0962206     0.560886   -0.0101137  -0.00448838 -0.000519796   0.00106438 -2.45723e-05
    0.283865    0.0977382     0.561147  -0.00552179  -0.00321269  -0.00120178  0.000194866 -1.50277e-06
    0.288346    0.0989513     0.562071  -0.00711944  -0.00143782  -0.00204856  -0.00107999  3.40143e-06
    0.291459     0.099875     0.562413  -0.00593651 -0.000412705  -0.00137827  -0.00104947  8.21468e-06
    0.293201     0.100515      0.56188  0.000375935  0.000475498  0.000202054 -0.000442829  2.33233e-05
    0.293602     0.100847     0.562263 -0.000376546   0.00155628   0.00110286   0.00167814   -8.203e-06
    0.292642     0.100883     0.561773   0.00200931   0.00327851   0.00215222   0.00260159 -8.77123e-06
    0.290325     0.100611     0.561188   0.00173203   0.00532675    0.0026447   0.00336437  -3.0394e-05
     0.28664     0.100042     0.560599  -0.00114168   0.00654285   0.00376422   0.00398572 -4.27321e-05
    0.281547    0.0992037     0.559192   0.00208377   0.00759208   0.00434426   0.00400147 -2.12512e-05
    0.275044    0.0981143      0.55839   0.00613566   0.00667448   0.00609158   0.00536011  2.45539e-05
    0.267138    0.0967645     0.559472    0.0080113   0.00777853   0.00460173   0.00427657  2.80791e-05
    0.257838    0.0951503     0.561838    0.0080844   0.00747026   0.00509251   0.00423526  5.24677e-05
    0.247188    0.0932034     0.565105 -0.000312879   0.00906911   0.00274957   0.00282487  8.53019e-06
    0.235183    0.0909183     0.563716 -0.000997118   0.00687185   0.00407122   0.00424367  6.06301e-06
    0.221861    0.0882435     0.556938   0.00231374   0.00425195   0.00305813   0.00434703 -2.85556e-05
    0.207232    0.0852563     0.544378    0.0243873  -0.00231431   0.00743818   0.00452514  0.000113198
      0.1916    0.0819143     0.540329    0.0177502  -0.00117654   0.00346202 -0.000623218  0.000102418
    0.175479    0.0784584     0.542399    0.0264012  0.000361262   0.00286647   -0.0008833  0.000131582
     0.15938    0.0747754     0.556903   0.00244494   0.00447595   -0.0052022 -0.000275809 -8.63769e-05
     0.14329    0.0708833     0.566285    0.0173214   0.00171618  0.000286907   0.00399634   2.1429e-05
    0.127317    0.0662759     0.576354    0.0162537   0.00988668   0.00876482   0.00712484   4.3525e-06
    0.111403     0.061071     0.573132    0.0310815    0.0161724    0.0185952    0.0074971  0.000131669
   0.0954946     0.055583      0.55519    0.0208133  0.000113964   0.00207873  -0.00133248  1.05079e-05
   0.0796207    0.0494599     0.547753  -0.00124131  0.000327519  -0.00461551  -0.00615155 -0.000103767
   0.0637844    0.0415554     0.530764    0.0112602    0.0435505    0.0287674   0.00879798 -3.31349e-05
   0.0478844    0.0341379     0.474439   -0.0327789   0.00357857  -0.00606625   -0.0101911 -8.57491e-05
   0.0313083    0.0327568     0.624645    0.0618969   -0.0303767  -0.00295176  -0.00237144  0.000194831
    0.015413     0.022902     0.644546   -0.0428939    0.0566186    0.0210053   0.00674768 -6.27498e-05
           0            0            0            0            0            0            0            0
