           0            0  5.37906e-35  3.00927e-34 -3.81274e-33  3.94816e-33  2.48264e-33  3.39476e-36
 0.000391282  0.000408039  -0.00101867 -0.000312785 -0.000928323  -0.00348797  0.000131017  5.42551e-07
  0.00168907    0.0017391  -0.00346684  -0.00106509  -0.00308232   -0.0120484  0.000517411     4.49e-07
  0.00400583   0.00408181  -0.00686863  -0.00208356  -0.00573939   -0.0236859   0.00118261  1.59428e-06
   0.0073125   0.00739984   -0.0112612  -0.00335208  -0.00871692   -0.0381982   0.00219624  2.06401e-06
   0.0115837    0.0116575   -0.0166792  -0.00486112   -0.0117069   -0.0553079   0.00366088    3.282e-06
   0.0167928    0.0168196   -0.0230891  -0.00658966   -0.0143872   -0.0747279   0.00568843  4.24381e-06
   0.0229087    0.0228511   -0.0303735  -0.00850647   -0.0165202   -0.0962199   0.00836811    5.611e-06
   0.0299057    0.0297179   -0.0385897   -0.0106078   -0.0178812    -0.119563    0.0117817   7.0016e-06
   0.0377549    0.0373864   -0.0476783   -0.0128755   -0.0182316    -0.144527    0.0160132  8.56518e-06
   0.0464281    0.0458237   -0.0576174   -0.0152954   -0.0173796    -0.170909    0.0211348  1.02282e-05
   0.0558972    0.0549977   -0.0684325   -0.0178583    -0.015183    -0.198531    0.0271993    1.214e-05
   0.0661337    0.0648771   -0.0801293   -0.0205537   -0.0115015    -0.227208    0.0342577  1.39383e-05
    0.077109    0.0754316   -0.0927188   -0.0233643  -0.00622153    -0.256772    0.0423542  1.61885e-05
   0.0887938    0.0866314    -0.106199   -0.0262794  0.000752562    -0.287055     0.051523  1.80595e-05
    0.101158    0.0984479     -0.12057   -0.0292788   0.00948371     -0.31791     0.061789  2.04563e-05
    0.114172     0.110853    -0.135827     -0.03234    0.0199947    -0.349209     0.073163  2.25395e-05
    0.127802     0.123819    -0.151946   -0.0354391    0.0323019    -0.380831     0.085654  2.48151e-05
    0.142018      0.13732    -0.168921   -0.0385509    0.0463587    -0.412697    0.0992523   2.7291e-05
    0.156785      0.15133     -0.18673   -0.0416586    0.0621074    -0.444735     0.113945   2.9204e-05
    0.172072     0.165821    -0.205351   -0.0447378    0.0794688    -0.476899     0.129711  3.19925e-05
    0.187844     0.180769    -0.224773   -0.0477718    0.0983293    -0.509163     0.146519  3.36965e-05
    0.204067     0.196149     -0.24497   -0.0507434     0.118585     -0.54151     0.164349  3.64189e-05
    0.220709     0.211935     -0.26593   -0.0536419     0.140105    -0.573929     0.183169  3.82908e-05
    0.237737     0.228102    -0.287631   -0.0564602     0.162778    -0.606408      0.20295  4.05059e-05
    0.255118     0.244626    -0.310059   -0.0591864     0.186486    -0.638945     0.223662  4.26863e-05
     0.27282     0.261482    -0.333197   -0.0618127     0.211126    -0.671522     0.245283  4.43918e-05
    0.290813     0.278646    -0.357031   -0.0643282       0.2366    -0.704119     0.267793  4.66243e-05
    0.309065     0.296094    -0.381543   -0.0667265     0.262828    -0.736706     0.291161  4.81878e-05
    0.327547     0.313802    -0.406719   -0.0689959     0.289738    -0.769242     0.315363  4.99919e-05
    0.346229     0.331746     -0.43254   -0.0711252     0.317272     -0.80168     0.340375  5.16965e-05
    0.365083     0.349903    -0.458985   -0.0731022     0.345379    -0.833966     0.366173  5.28638e-05
    0.384079      0.36825    -0.486032   -0.0749166     0.374023    -0.866042     0.392723  5.46316e-05
     0.40319     0.386762    -0.513653   -0.0765636     0.403166    -0.897841     0.419992  5.53857e-05
    0.422386     0.405418    -0.541818   -0.0780375     0.432774    -0.929298     0.447947  5.68108e-05
    0.441642     0.424192    -0.570492   -0.0793345     0.462818    -0.960354     0.476552  5.73978e-05
    0.460927     0.443063    -0.599638    -0.080451     0.493266    -0.990949      0.50576  5.82253e-05
    0.480216     0.462006    -0.629213   -0.0813874     0.524078     -1.02103     0.535527  5.87703e-05
    0.499481     0.480997    -0.659171   -0.0821424     0.555212     -1.05054     0.565814  5.90314e-05
    0.518694     0.500013    -0.689459   -0.0827157     0.586622     -1.07944     0.596569  5.94068e-05
     0.53783     0.519028    -0.720024   -0.0831004     0.618259     -1.10769     0.627743  5.92342e-05
    0.556861     0.538018    -0.750806    -0.083291     0.650071     -1.13525     0.659284  5.92955e-05
    0.575763     0.556957    -0.781744    -0.083278     0.682015      -1.1621     0.691152  5.88865e-05
     0.59451     0.575822    -0.812774   -0.0830477     0.714052     -1.18821     0.723301  5.85019e-05
    0.613079     0.594587    -0.843834   -0.0825923     0.746143     -1.21355     0.755685  5.80191e-05
    0.631446     0.613226    -0.874866   -0.0818996     0.778261     -1.23809     0.788253  5.70744e-05
    0.649589     0.631715    -0.905814   -0.0809605     0.810389     -1.26181     0.820957  5.65694e-05
    0.667487     0.650029    -0.936628   -0.0797737     0.842513     -1.28467     0.853752  5.51465e-05
    0.685119     0.668144    -0.967265   -0.0783364     0.874613     -1.30666      0.88658  5.44375e-05
    0.702465     0.686035    -0.997681   -0.0766596     0.906666     -1.32773     0.919376  5.28154e-05
    0.719505     0.703677     -1.02784    -0.074749      0.93864     -1.34786     0.952081  5.15979e-05
     0.73622     0.721046     -1.05769   -0.0726204     0.970515     -1.36703     0.984635  5.00336e-05
    0.752591     0.738117     -1.08719   -0.0702912      1.00226     -1.38521      1.01697  4.81901e-05
      0.7686     0.754865     -1.11628   -0.0677679      1.03388     -1.40239      1.04905  4.66206e-05
    0.784231     0.771266      -1.1449   -0.0650809      1.06531     -1.41857       1.0808  4.44979e-05
    0.799465     0.787293     -1.17299   -0.0622287      1.09656     -1.43373      1.11218  4.25804e-05
    0.814285     0.802923      -1.2005   -0.0592367      1.12756     -1.44789      1.14316  4.05923e-05
    0.828676      0.81813     -1.22739   -0.0561209      1.15826     -1.46108      1.17365  3.81314e-05
    0.842619      0.83289     -1.25362   -0.0528832      1.18856     -1.47334      1.20362  3.63673e-05
    0.856099     0.847178     -1.27914    -0.049563      1.21833      -1.4847      1.23297  3.36076e-05
    0.869099      0.86097     -1.30393   -0.0461591      1.24746     -1.49522      1.26162   3.1744e-05
    0.881602     0.874244     -1.32793   -0.0426863       1.2759     -1.50488      1.28952   2.9094e-05
    0.893591     0.886975      -1.3511   -0.0391934      1.30347     -1.51377      1.31655  2.68894e-05
    0.905048     0.899142     -1.37339   -0.0356666      1.33017     -1.52186      1.34263  2.45351e-05
    0.915955     0.910724     -1.39474   -0.0321603      1.35593     -1.52917      1.36769  2.20872e-05
    0.926294     0.921699      -1.4151   -0.0287033      1.38067     -1.53574      1.39163  1.99121e-05
    0.936046     0.932047     -1.43444   -0.0253069      1.40431     -1.54156      1.41437  1.75015e-05
     0.94519     0.941747     -1.45269   -0.0220431       1.4268     -1.54668      1.43584  1.53984e-05
    0.953706     0.950778     -1.46983   -0.0189044      1.44801     -1.55114      1.45594  1.31801e-05
    0.961574      0.95912     -1.48584   -0.0159375      1.46783       -1.555      1.47463  1.11933e-05
    0.968772     0.966752     -1.50062   -0.0131602      1.48618     -1.55827      1.49183  9.20947e-06
    0.975278     0.973653      -1.5142   -0.0105917       1.5029     -1.56106      1.50748  7.48657e-06
    0.981073     0.979802     -1.52646  -0.00825082        1.518     -1.56337      1.52154  5.72869e-06
    0.986134     0.985176     -1.53733  -0.00614136      1.53135     -1.56525      1.53396  4.39006e-06
    0.990438     0.989756     -1.54686  -0.00433218      1.54284     -1.56678      1.54465  2.89492e-06
    0.993968     0.993513     -1.55479  -0.00278066      1.55243     -1.56798      1.55358  2.03702e-06
      0.9967     0.996428     -1.56113  -0.00152818      1.56004     -1.56887      1.56066  8.48793e-07
    0.998611      0.99848     -1.56587 -0.000657985      1.56551     -1.56952       1.5658  5.41328e-07
    0.999679     0.999643     -1.56891 -0.000155757      1.56886     -1.56989      1.56894 -2.75569e-07
           1            1        -1.57 -1.48771e-34         1.57        -1.57         1.57  1.20371e-35
