           0            0  3.53344e-33  1.27988e-34  1.47078e-34 -2.78357e-35 -2.55788e-35 -8.74568e-36
  0.00772781   0.00805877   -0.0201188   -0.0061775   -0.0183344   -0.0688874   0.00258758  1.07154e-05
   0.0179034    0.0182297   -0.0282326  -0.00868055   -0.0242071     -0.10018   0.00504371  -1.2563e-05
   0.0278526    0.0280387   -0.0389528   -0.0114343     -0.02827    -0.129662   0.00809388  3.51823e-05
   0.0374541    0.0374924   -0.0478004    -0.013619   -0.0305361    -0.156955    0.0119253 -2.59052e-05
   0.0469025    0.0465972   -0.0592059   -0.0161845   -0.0285169    -0.180962    0.0170015  4.99606e-05
   0.0559771    0.0553536   -0.0673883   -0.0179541    -0.024418    -0.202582    0.0230425  -3.0965e-05
   0.0648127     0.063769    -0.076479   -0.0199029   -0.0177095    -0.221885    0.0298812   5.7967e-05
   0.0733764      0.07185   -0.0857911   -0.0215979  -0.00917028     -0.23914    0.0375366 -3.05026e-05
   0.0816469    0.0796027   -0.0937079    -0.023189   0.00225014    -0.253895    0.0460354  6.13832e-05
   0.0896485    0.0870337     -0.10259   -0.0246049    0.0145774    -0.267154    0.0551175 -2.85386e-05
   0.0973649    0.0941531    -0.111007   -0.0260117    0.0288063    -0.278378    0.0646561   6.6296e-05
    0.104806     0.100966    -0.120004   -0.0272227    0.0439015    -0.287992    0.0747474 -3.07796e-05
    0.111956     0.107485    -0.128639   -0.0282873    0.0603788    -0.295897    0.0851579  7.52219e-05
     0.11882     0.113712    -0.137592   -0.0292858    0.0773595    -0.302203    0.0959251 -3.82701e-05
    0.125379     0.119664     -0.14623   -0.0299521    0.0950806    -0.307169     0.106829  8.56063e-05
    0.131633     0.125337    -0.155094    -0.030507     0.112512    -0.310985     0.117809 -4.44628e-05
    0.137572      0.13075    -0.163272   -0.0306995     0.130555    -0.313557     0.128889  8.94063e-05
    0.143186     0.135893    -0.171983   -0.0307585     0.147067    -0.315799     0.139676 -4.05066e-05
    0.148476     0.140788    -0.179744   -0.0306197      0.16397    -0.316939      0.15051  7.82878e-05
    0.153433     0.145418    -0.188019   -0.0301945     0.178916    -0.318302     0.160857 -2.32148e-05
     0.15806     0.149808    -0.195561   -0.0297254     0.193579    -0.318924     0.171099  5.68684e-05
    0.162356     0.153938    -0.203326   -0.0289648     0.206473    -0.319924     0.181047 -3.10062e-06
    0.166325     0.157832    -0.210641   -0.0282798     0.218554    -0.320357     0.190663  4.00711e-05
    0.169973     0.161471    -0.217945   -0.0273819      0.22923    -0.321109     0.199998  3.67702e-06
      0.1733     0.164877    -0.225011   -0.0264609     0.239006    -0.321478     0.209065  3.93861e-05
    0.176321     0.168032    -0.231958   -0.0254082     0.247634     -0.32192     0.217962  -5.7035e-06
    0.179032     0.170959    -0.238761   -0.0242734      0.25548    -0.321885     0.226594  4.97966e-05
     0.18145     0.173638    -0.245362   -0.0230923     0.262515    -0.321696      0.23493 -1.89179e-05
    0.183568     0.176094    -0.251862    -0.021728      0.26896    -0.320897     0.243051  5.45489e-05
    0.185406     0.178306    -0.258094   -0.0203255     0.274834    -0.319759     0.250938 -2.08831e-05
    0.186951     0.180297    -0.264206   -0.0187221      0.28029    -0.317889     0.258569  4.39369e-05
    0.188224     0.182047    -0.269965   -0.0171108     0.285423    -0.315602     0.265809 -9.02169e-06
    0.189209     0.183576     -0.27555   -0.0154178      0.29015    -0.312438     0.272745  2.39135e-05
    0.189928     0.184867    -0.280705   -0.0136923     0.294617    -0.308829      0.27936    4.234e-06
    0.190361     0.185934    -0.285613   -0.0119241     0.298751    -0.304533     0.285593  7.35811e-06
    0.190534     0.186761    -0.290019   -0.0101264     0.302583    -0.299716      0.29127   8.9849e-06
    0.190422      0.18736    -0.294094   -0.0083676     0.305957    -0.294355     0.296625  1.77998e-06
    0.190055     0.187716    -0.297572  -0.00654404     0.308934    -0.288504     0.301542  3.37534e-06
    0.189408     0.187837    -0.300616  -0.00477695     0.311422    -0.282274     0.305868  4.03918e-06
    0.188516      0.18771    -0.303037  -0.00282094     0.313413     -0.27566     0.309823 -7.44774e-06
    0.187351     0.187341    -0.304923 -0.000944708     0.314868    -0.268716     0.313122  8.65773e-06
    0.185955     0.186722    -0.306102    0.0012018     0.316035    -0.261575     0.316254 -1.67345e-05
    0.184301     0.185857    -0.306732   0.00334639     0.316686      -0.2541     0.318697   9.1374e-06
    0.182431     0.184743    -0.306705   0.00564925     0.317111    -0.246329     0.320886 -1.86722e-05
    0.180321     0.183382    -0.306173   0.00803149      0.31722    -0.238344     0.322328   1.5023e-08
    0.178011     0.181777    -0.305059    0.0105151     0.317317     -0.23003     0.323583 -9.98997e-06
    0.175477     0.179928    -0.303515    0.0129249     0.317121    -0.221574     0.324122 -1.81119e-05
    0.172756     0.177839    -0.301555    0.0154615     0.316856    -0.212598     0.324217  4.10924e-06
    0.169823     0.175504    -0.299161    0.0176541     0.316186    -0.203547     0.323505 -3.61453e-05
    0.166714      0.17293    -0.296477    0.0200818     0.315307    -0.194106     0.322417  1.20997e-05
    0.163404     0.170109    -0.293121    0.0219562     0.314224    -0.184472     0.320536 -4.29939e-05
    0.159927     0.167045    -0.289475    0.0240455     0.312817    -0.174668     0.318143  6.58499e-06
    0.156263     0.163733    -0.284968    0.0257903      0.31159    -0.164606     0.315309 -3.75837e-05
    0.152434     0.160174    -0.280256    0.0272773     0.309207    -0.154835     0.311745 -4.34019e-06
    0.148436     0.156372    -0.274586    0.0290551     0.307944    -0.144575      0.30818 -3.35291e-05
    0.144269     0.152317    -0.268822    0.0300368     0.304314    -0.135203      0.30354 -5.73641e-06
    0.139942     0.148026    -0.262243       0.0315     0.301964    -0.125326     0.298742 -4.28672e-05
    0.135447     0.143482    -0.255713    0.0324452      0.29648    -0.116686     0.293012  8.02695e-06
    0.130785     0.138707    -0.248394    0.0331275     0.291569    -0.107723     0.286695 -6.25318e-05
    0.125963     0.133689    -0.241189    0.0340996     0.283747   -0.0999478     0.279272  2.57262e-05
    0.120972     0.128459     -0.23283    0.0344885     0.277849   -0.0909923     0.271716  -7.8064e-05
    0.115802     0.122981    -0.224764    0.0344967     0.266643   -0.0845527      0.26202  3.45245e-05
    0.110476     0.117322    -0.215474     0.035158     0.260685   -0.0752442     0.253165 -8.10224e-05
    0.104946     0.111419     -0.20611    0.0340898     0.248155   -0.0691446     0.241755  3.26757e-05
   0.0992495     0.105338    -0.196059    0.0341878     0.240386   -0.0604482     0.231036 -7.56336e-05
   0.0933453    0.0990294    -0.185824    0.0328906     0.226606   -0.0546308     0.218046   2.8025e-05
   0.0872486    0.0925416    -0.174697    0.0315686     0.217587   -0.0464074     0.205942 -6.95627e-05
    0.080949    0.0858226    -0.163856    0.0304206     0.201141    -0.041789     0.191194  2.57513e-05
   0.0744321    0.0789387    -0.152245    0.0281772     0.190303    -0.034294     0.177794 -6.49901e-05
   0.0677297    0.0717879    -0.139593    0.0266742     0.172276   -0.0304042     0.162001    2.581e-05
   0.0607709    0.0645189    -0.128648    0.0240527     0.157914   -0.0246627     0.146969 -5.98373e-05
   0.0536672    0.0569215    -0.113507    0.0221801     0.140163   -0.0208605     0.130782  2.51191e-05
   0.0462892    0.0492122    -0.101293    0.0194817     0.123626   -0.0163423     0.114481 -5.15569e-05
   0.0387229    0.0412352   -0.0868588    0.0162496     0.103342   -0.0138459    0.0967715  2.20279e-05
   0.0309889    0.0329753   -0.0697678     0.014393      0.08599  -0.00987536    0.0794775 -3.89714e-05
   0.0229686    0.0245976   -0.0553868    0.0103435    0.0643535  -0.00778931    0.0604355  1.55038e-05
   0.0147717    0.0159163   -0.0383064   0.00684279    0.0436155  -0.00503464    0.0410096 -2.15762e-05
  0.00633408   0.00705531   -0.0216087    0.0030762    0.0225348   -0.0022002    0.0209777  5.44249e-06
 9.97271e-33  3.76158e-35 -3.90452e-34 -1.91389e-33  8.68925e-35   9.0278e-35  -5.9433e-35  6.20661e-36
