           0            0  2.92952e-33            0            0            0            0  2.15704e-32
 0.000622681  -0.00055418 -0.000823566  -0.00035989  -0.00904634    0.0166101  -0.00301177  6.10821e-06
  0.00253417  -0.00228005   -0.0014586  -0.00035441   -0.0185486    0.0378497  -0.00542805  1.96588e-05
  0.00573754  -0.00523783  -0.00150298 -0.000428243   -0.0252231    0.0580394  -0.00741109  4.33478e-05
   0.0101965  -0.00942359  -0.00192282 -0.000599397   -0.0335498    0.0801649   -0.0096708  6.80789e-05
   0.0159116   -0.0148131  -0.00207234 -0.000627497   -0.0406634     0.100094    -0.011438  8.78529e-05
   0.0228842   -0.0213413  -0.00209025 -0.000642982   -0.0484928     0.121798   -0.0134682   9.6038e-05
   0.0311181   -0.0289141  -0.00233892 -0.000615866   -0.0558665     0.142163   -0.0155383  8.74069e-05
    0.040607    -0.037431  -0.00249607 -0.000729065    -0.063695     0.163627    -0.018141  5.97724e-05
   0.0513462   -0.0467942   -0.0024632 -0.000830844   -0.0711316       0.1843   -0.0204702  1.44317e-05
     0.06334   -0.0569109  -0.00264698  -0.00104974   -0.0789444     0.205474   -0.0231937 -4.15811e-05
   0.0765852   -0.0676963  -0.00284219  -0.00120425   -0.0864517     0.226445   -0.0257151 -0.000100137
   0.0910643   -0.0790728  -0.00283063  -0.00126934   -0.0942374     0.247889   -0.0281338   -0.0001502
    0.106775   -0.0909692  -0.00277164  -0.00115484     -0.10224     0.268804   -0.0301533 -0.000182488
    0.123717     -0.10332  -0.00271565  -0.00106349    -0.110283     0.289764   -0.0323385 -0.000188857
    0.141834    -0.116067  -0.00266359  -0.00110577     -0.11813     0.310754   -0.0346289 -0.000167862
    0.161013    -0.129156  -0.00262823  -0.00135558    -0.126101      0.33187   -0.0367796 -0.000120849
    0.181124     -0.14254  -0.00253151  -0.00163703    -0.134065     0.352943   -0.0389252 -5.26199e-05
    0.202044    -0.156174  -0.00232846  -0.00194914     -0.14198     0.374082   -0.0412515  2.77875e-05
    0.223654    -0.170019  -0.00208683  -0.00221606    -0.149888     0.395239   -0.0437313  0.000107363
     0.24584    -0.184039  -0.00182524  -0.00251202    -0.157845     0.416341    -0.046143  0.000173187
     0.26849      -0.1982   -0.0015454  -0.00273147    -0.165846     0.437367   -0.0483253  0.000216074
    0.291498    -0.212471  -0.00125777  -0.00280008    -0.173829     0.458383   -0.0504877  0.000230744
    0.314763    -0.226822  -0.00101476  -0.00259622    -0.181762     0.479336   -0.0524593  0.000214478
    0.338184    -0.241226  -0.00084831  -0.00216148    -0.189625     0.500329   -0.0543709   0.00017017
    0.361662    -0.255655  -0.00075475     -0.00167    -0.197437      0.52148   -0.0563141  0.000104894
    0.385097    -0.270082 -0.000700725  -0.00124031    -0.205097     0.542641   -0.0583206  2.93997e-05
    0.408388    -0.284479 -0.000644389   -0.0010073    -0.212762     0.563923   -0.0601637 -4.75158e-05
    0.431429    -0.298819 -0.000558075 -0.000826745     -0.22028     0.585195   -0.0622489 -0.000113955
    0.454116    -0.313072 -0.000446733 -0.000639012    -0.227749     0.606443   -0.0644913 -0.000161088
    0.476338    -0.327208 -0.000345054 -0.000429449    -0.235224     0.627603   -0.0669414 -0.000182967
    0.497983     -0.34119 -0.000250486 -0.000308806    -0.242891     0.648677   -0.0691179 -0.000180353
    0.518936    -0.354983 -1.62567e-05 -0.000330416    -0.250508     0.669789   -0.0714011 -0.000155317
    0.539073    -0.368544  0.000398392 -0.000373719    -0.258034     0.691066   -0.0736817 -0.000112623
     0.55827    -0.381829  0.000838904 -0.000372145    -0.265458     0.712309   -0.0759604 -5.90869e-05
    0.576401    -0.394785   0.00117521 -0.000229505    -0.272837     0.733729   -0.0781795 -3.83048e-06
    0.593356    -0.407357   0.00136882 -0.000156319    -0.280203      0.75528   -0.0804073  4.50146e-05
    0.609073     -0.41948    0.0013096 -0.000240417    -0.287764     0.776573   -0.0827712  8.06924e-05
    0.623545    -0.431084    0.0011963 -0.000482448    -0.295318     0.797968   -0.0853061   0.00010089
    0.636781    -0.442094   0.00113528 -0.000653846    -0.302386     0.819323    -0.087798  0.000105114
    0.648771    -0.452423  0.000971334 -0.000691413    -0.309628     0.841048   -0.0904609  9.68337e-05
    0.659505    -0.461979  0.000897832 -0.000534271    -0.316644     0.862114   -0.0927939  7.91418e-05
    0.668977    -0.470658  0.000854633 -0.000405664    -0.324095     0.883611   -0.0953303   5.6863e-05
    0.677193    -0.478355  0.000887396 -0.000385582    -0.331109     0.904371   -0.0974164  3.39182e-05
    0.684142    -0.484965  0.000882766 -0.000402458    -0.338891     0.925971   -0.0998277  1.51912e-05
    0.689834    -0.490406  0.000827627 -0.000271737    -0.345998     0.946156    -0.101551  3.24778e-06
    0.694265    -0.494635   0.00063926  -5.9583e-05    -0.354013     0.968024    -0.103602 -2.40011e-06
     0.69744    -0.497641  0.000485997  7.05282e-05    -0.360832     0.987996    -0.105747 -2.70702e-06
    0.699361    -0.499419  0.000281142  0.000132019    -0.368511      1.01044     -0.10762 -1.57108e-06
         0.7         -0.5 -2.92127e-31            0      -0.3752        1.027        -0.11 -9.93058e-33
