           0            0 -1.82279e-33            0            0            0            0            0
 4.60178e-05  1.01022e-05   0.00130484   -0.0100595   0.00509583   -0.0107088   0.00192851  2.07251e-05
 0.000116495  2.37158e-05   0.00232575   -0.0235478     0.014798   -0.0321135   0.00498989  1.50335e-05
 0.000163979  3.22241e-05   0.00184855   -0.0320516     0.023581   -0.0535058   0.00713477  1.25111e-05
 0.000205634  4.21017e-05   0.00153451   -0.0428528    0.0316996   -0.0748999    0.0090826  1.71354e-05
 0.000235253  5.00076e-05   0.00116853   -0.0532587    0.0394606    -0.096295    0.0114257   1.3477e-05
 0.000258747  5.66826e-05  0.000896984   -0.0636281     0.047244     -0.11769    0.0139909  1.61648e-05
 0.000280417  6.27963e-05  0.000789193   -0.0743843    0.0552668    -0.139084    0.0163149  5.99911e-06
 0.000296373   6.7502e-05  0.000693365   -0.0848564    0.0632992    -0.160479    0.0187913  5.04246e-06
 0.000304817  7.06506e-05  0.000583711   -0.0951336    0.0710943    -0.181873    0.0218293  4.62213e-06
 0.000307512  7.25052e-05  0.000485048    -0.105256    0.0788431    -0.203268    0.0249094    4.779e-06
 0.000307595  7.37225e-05    0.0004567    -0.115582     0.086701    -0.224662    0.0276724  4.17715e-06
 0.000304828  7.39378e-05  0.000406046    -0.125773    0.0946188    -0.246056    0.0302521  4.55955e-06
 0.000300115  7.34905e-05  0.000341144    -0.136073     0.102526    -0.267451    0.0327656  4.98577e-06
 0.000293442   7.2305e-05  0.000242214    -0.146397      0.11041    -0.288845    0.0352449  4.77161e-06
 0.000285093  7.04546e-05  0.000118759     -0.15674     0.118319    -0.310239    0.0375244  4.51292e-06
 0.000274836  6.79287e-05 -2.33602e-05    -0.167095     0.126215    -0.331634    0.0397391  3.55011e-06
 0.000262414  6.46461e-05 -0.000184181    -0.177388     0.134117    -0.353029    0.0418191   2.4731e-06
 0.000247766  6.06573e-05 -0.000349412    -0.187645      0.14202    -0.374424    0.0437591  9.49922e-07
 0.000230824  5.59646e-05 -0.000511939    -0.197853     0.149927    -0.395819    0.0455408 -6.35239e-07
 0.000211545  5.05665e-05 -0.000666931    -0.208003     0.157822    -0.417214    0.0472308 -2.24244e-06
 0.000190014  4.44924e-05 -0.000810258    -0.218103     0.165684    -0.438609    0.0489082 -3.57148e-06
 0.000166425  3.77909e-05 -0.000938791    -0.228167     0.173497    -0.460004     0.050645 -4.57057e-06
 0.000141069   3.0529e-05  -0.00105118    -0.238208     0.181247      -0.4814    0.0524971 -5.11647e-06
  0.00011433  2.27901e-05   -0.0011471    -0.248236     0.188939    -0.502795    0.0544597 -5.14139e-06
 8.66337e-05  1.46768e-05  -0.00122659    -0.258263     0.196579    -0.524191    0.0565278  -4.6718e-06
 5.84342e-05  6.30022e-06  -0.00129018    -0.268293      0.20418    -0.545586    0.0586607 -3.80646e-06
 3.01479e-05 -2.23346e-06  -0.00133941    -0.278328     0.211753    -0.566982    0.0608437 -2.82522e-06
 2.17826e-06 -1.08189e-05  -0.00137634    -0.288362      0.21931    -0.588377     0.063046 -1.83644e-06
-2.50925e-05 -1.93454e-05  -0.00140275    -0.298393     0.226858    -0.609773    0.0652654  -1.1165e-06
-5.12715e-05 -2.76912e-05  -0.00142042    -0.308419     0.234403    -0.631169    0.0674923 -3.82519e-07
-7.59081e-05 -3.57014e-05   -0.0014304    -0.318446      0.24196    -0.652564    0.0696968  4.31738e-07
-9.85404e-05 -4.32074e-05  -0.00143361    -0.328493     0.249531     -0.67396    0.0718896  1.69588e-06
-0.000118554  -4.9958e-05  -0.00142858    -0.338591     0.257144    -0.695355    0.0739801  3.13665e-06
-0.000135616 -5.58618e-05  -0.00142256    -0.348751     0.264761    -0.716751    0.0761068  5.07186e-06
-0.000149413 -6.08913e-05  -0.00143327    -0.358898     0.272406    -0.738146    0.0782064  7.73373e-06
-0.000159798 -6.50128e-05  -0.00146442    -0.369075     0.280002    -0.759541    0.0805269  1.15859e-05
-0.000166381 -6.80057e-05  -0.00151079    -0.379326      0.28757    -0.780937    0.0829616   1.6162e-05
-0.000169326 -7.00555e-05  -0.00158655    -0.389608     0.295064    -0.802332    0.0856138   2.1032e-05
-0.000168461 -7.10533e-05  -0.00169043    -0.399934     0.302495    -0.823727    0.0883967  2.46317e-05
 -0.00016357 -7.11118e-05  -0.00185069    -0.410065     0.310012    -0.845123    0.0908393   2.8997e-05
-0.000153802  -6.9407e-05  -0.00201788    -0.420179     0.317681    -0.866518    0.0928267  3.12511e-05
-0.000139203 -6.55311e-05  -0.00214274    -0.430402     0.325474    -0.887913    0.0945735  2.96956e-05
-0.000121474 -5.97152e-05  -0.00218279    -0.440678     0.333284    -0.909308     0.096546   2.1098e-05
-0.000102519 -5.27779e-05   -0.0021397    -0.450773     0.341107    -0.930703    0.0986479  1.60923e-05
-8.15092e-05 -4.39536e-05  -0.00195441    -0.461251     0.348877    -0.952098     0.100677  7.99173e-06
-5.93667e-05  -3.4877e-05  -0.00176393    -0.471368     0.356568    -0.973493     0.102881  4.92863e-06
-4.16804e-05 -3.01013e-05  -0.00173197    -0.480598     0.363715    -0.994889     0.105555 -8.99631e-07
-1.72228e-05 -1.44469e-05 -0.000862617    -0.492653     0.371124     -1.01629     0.108472  -6.0221e-06
           0            0            0         -0.5       0.3752       -1.027         0.11            0
