           0            0            0            0            0            0            0 -1.24904e-32
  0.00214494  0.000470876    0.0608199    -0.468884     0.237522    -0.499152    0.0898901  0.000966021
  0.00114008  0.000163671   -0.0132338    -0.159825     0.214708    -0.498542    0.0528049  -0.00123131
  0.00107323  0.000232911  -0.00900935    -0.236545     0.194676    -0.498579      0.04717   0.00111374
  0.00086834  0.000227491  -0.00562822    -0.266913      0.18374    -0.498624    0.0436207 -0.000898191
 0.000512224  0.000141014   -0.0114308    -0.218115     0.178012    -0.498627    0.0655955  0.000727669
 0.000582863  0.000170116  -0.00122605    -0.265219     0.184779    -0.498612    0.0539723 -0.000602388
 0.000427204  0.000114853  -0.00379814    -0.236136     0.189177    -0.498606    0.0543508  0.000128549
  0.00031653  0.000104483 -0.000668505    -0.251981     0.185219    -0.498609    0.0610759  -0.00017314
 7.70627e-05  4.22809e-05  -0.00444264     -0.22705     0.178119    -0.498611    0.0805314  0.000153548
 4.85474e-05  4.41632e-05 -0.000156152    -0.244788     0.183062     -0.49861    0.0630324 -0.000146236
-4.46791e-05  1.25771e-05  -0.00116521     -0.23649     0.183207    -0.498605    0.0657572  0.000118183
-8.42934e-05   -2.542e-06   -0.0011959    -0.238525     0.185849    -0.498609    0.0544843 -0.000100359
-0.000135367 -1.83078e-05  -0.00182927    -0.241595     0.182714    -0.498608    0.0626744  0.000120226
-0.000175702 -3.69507e-05  -0.00278199    -0.239612      0.18476    -0.498611    0.0528892 -0.000130208
-0.000213438 -4.92989e-05  -0.00297242    -0.242479     0.183883    -0.498612    0.0533584   0.00011815
-0.000264634  -6.8436e-05  -0.00365197    -0.240183     0.184196    -0.498616    0.0498703 -0.000163028
-0.000314397 -8.45713e-05  -0.00384412    -0.239564     0.184105    -0.498616    0.0470848  0.000112827
-0.000368347  -0.00010135   -0.0038575    -0.238547     0.184244    -0.498621    0.0433373 -0.000183824
-0.000421345  -0.00011738  -0.00371812    -0.237236     0.184326    -0.498622     0.039711  0.000109938
-0.000477252 -0.000134235   -0.0035063      -0.2359     0.183657    -0.498627    0.0390609 -0.000184852
-0.000526374 -0.000148886  -0.00317437    -0.234863     0.182822    -0.498627    0.0391272  0.000122903
-0.000573092 -0.000163479  -0.00281676    -0.234206     0.181336    -0.498632    0.0418227 -0.000169473
-0.000608815 -0.000175008  -0.00242197    -0.233838     0.179908    -0.498632    0.0445087  0.000144027
-0.000637513 -0.000185708  -0.00204892    -0.233598     0.178637    -0.498636      0.04697 -0.000145189
-0.000653436 -0.000192467  -0.00165636    -0.233756     0.177442    -0.498635    0.0494269  0.000167078
-0.000660973 -0.000197973  -0.00130783    -0.233759     0.176888    -0.498638    0.0499909 -0.000126743
-0.000657483 -0.000199791 -0.000986647    -0.233978     0.176091    -0.498636    0.0517579  0.000172481
-0.000646213 -0.000200385  -0.00073472    -0.233707      0.17616    -0.498639    0.0508966 -0.000126392
-0.000624906 -0.000197048 -0.000496267    -0.233842     0.175629    -0.498636    0.0525488  0.000159949
-0.000595328 -0.000191956 -0.000327336    -0.233502     0.176072    -0.498638    0.0512525 -0.000125737
-0.000553015 -0.000181412 -0.000138134    -0.233872     0.176178    -0.498635    0.0515021  0.000163691
-0.000501901 -0.000168453 -1.12795e-05    -0.234436     0.176689    -0.498636    0.0507069 -0.000104768
-0.000430966 -0.000146199  0.000245424    -0.236205      0.17815    -0.498632    0.0467315  0.000171925
-0.000364299 -0.000128985  3.55608e-05    -0.237379     0.176927    -0.498633    0.0523977 -8.17211e-05
-0.000278814 -0.000105446 -0.000534714    -0.235613     0.179396     -0.49863     0.045468  0.000205795
-0.000205211   -8.666e-05 -0.000917407     -0.23873      0.17465    -0.498631    0.0626931 -2.62412e-05
-0.000101673 -5.28443e-05  -0.00124371    -0.239074     0.178118    -0.498632    0.0507895  0.000239544
-3.55679e-05 -4.26978e-05  -0.00228739     -0.24018     0.171167    -0.498631    0.0728326 -1.25472e-05
 7.58783e-05 -3.81211e-06  -0.00255488    -0.241145     0.175228    -0.498634    0.0568816  0.000180334
 0.000152075  1.08685e-06   -0.0049148    -0.231042     0.175145    -0.498634    0.0569716  2.31413e-05
  0.00030323  7.83749e-05  -0.00287802     -0.24042     0.182315    -0.498628    0.0356614  8.19244e-05
 0.000377251  0.000102287  -0.00294152     -0.23608     0.180906    -0.498624    0.0457594 -0.000154427
 0.000449134  0.000168799   0.00107447    -0.242906     0.183146    -0.498616    0.0461813  -0.00024632
 0.000434357  0.000154556  0.000934195    -0.227608     0.181484    -0.498616     0.051793  1.29951e-05
 0.000544934  0.000256754   0.00770245    -0.260773     0.180688    -0.498624    0.0427978 -0.000390575
 0.000487156  0.000166318   0.00117587    -0.210803     0.177788    -0.498631    0.0599124  0.000247798
  0.00033722  5.62808e-05  0.000313976    -0.219446     0.155362    -0.498643    0.0647377 -0.000519462
 0.000802777  0.000673389    0.0402076    -0.342442     0.189978    -0.499053    0.0712227  0.000280697
           0            0            0            0            0            0            0            0
