           0            0 -2.35099e-35            0            0            0            0  3.76158e-35
 6.13015e-05  0.000177886    0.0163683  -0.00257165  0.000602937 -0.000294892 -0.000436928  6.78259e-06
 0.000723507  0.000772332    0.0491051   -0.0019577  0.000368985 -0.000181142  -0.00047156   9.2856e-07
  0.00260539   0.00184447    0.0818353  -0.00198692  0.000328404 -5.07631e-05 -0.000577837  8.10131e-06
  0.00570974   0.00336977     0.114568  -0.00256321  0.000583131 -0.000167557 -0.000456789  5.52572e-07
  0.00997506   0.00531281     0.147267  -0.00189999 -0.000301206  -0.00052709 -0.000543113  7.83298e-06
    0.015412   0.00764392     0.179966  -0.00298228 -0.000442216 -0.000890796 -0.000800968  1.48601e-06
   0.0219232     0.010333     0.212652  -0.00186832 -0.000214048 -0.000467887   -0.0006699  5.58987e-06
   0.0294379    0.0133585      0.24534  -0.00248547  -0.00024459 -0.000724549 -0.000943514  5.68563e-06
   0.0378777    0.0166954     0.278011  -0.00277429 -0.000554905  -0.00095072 -0.000981297   2.4084e-06
    0.047181    0.0203176     0.310682  -0.00231458 -0.000643855 -0.000889088   -0.0010434  7.02713e-06
   0.0572865     0.024203     0.343353  -0.00237873 -0.000547209 -0.000916076   -0.0011047  3.81798e-06
   0.0681227     0.028332     0.376025  -0.00248008 -0.000511794 -0.000883483   -0.0011189  6.33433e-06
   0.0796254    0.0326851     0.408723   -0.0023762 -0.000487006 -0.000855976  -0.00104859   3.8531e-06
   0.0917376    0.0372426      0.44142  -0.00225567 -0.000525227 -0.000698075 -0.000964521  5.41697e-06
    0.104403    0.0419862     0.474126  -0.00217687 -0.000491505 -0.000581042  -0.00100013  2.21243e-06
    0.117564     0.046899     0.506832  -0.00202795 -0.000495499 -0.000414889  -0.00107146   3.3746e-06
    0.131168    0.0519645     0.539546  -0.00189192 -0.000498775 -0.000337329  -0.00115448   8.0459e-07
    0.145164    0.0571665     0.572261  -0.00173469 -0.000548385 -0.000253667  -0.00117247  2.79699e-06
    0.159502     0.062489     0.604985   -0.0015993   -0.0005685 -0.000224174  -0.00115442 -8.14189e-08
    0.174135    0.0679166     0.637707  -0.00143379 -0.000538923 -0.000240369  -0.00117434  2.59172e-06
    0.189014    0.0734344     0.670437  -0.00135412 -0.000498615 -0.000294612  -0.00113718  -9.4442e-08
    0.204093    0.0790277     0.703165  -0.00130316  -0.00044032 -0.000341168  -0.00110477  3.00964e-06
    0.219325     0.084682       0.7359  -0.00131131 -0.000355176 -0.000388115  -0.00101855  1.27118e-07
    0.234665    0.0903828     0.768631  -0.00132454  -0.00023863 -0.000397846 -0.000950026  3.55124e-06
    0.250067    0.0961162     0.801366   -0.0013635   -0.0001005 -0.000388367 -0.000830563  8.45663e-07
    0.265483     0.101868     0.834097  -0.00137441  2.54895e-05 -0.000300319 -0.000712354  4.30448e-06
    0.280869     0.107625     0.866831  -0.00140787  0.000151063  -0.00020296 -0.000578221  1.28739e-06
    0.296176     0.113373     0.899558  -0.00147954  0.000244151 -6.55415e-05 -0.000485975   3.8965e-06
    0.311357     0.119096     0.932286   -0.0015528  0.000325738  6.28536e-05 -0.000388325  1.73013e-07
    0.326363     0.124783     0.965007  -0.00144095  0.000374848  0.000244569   -0.0003169  2.77056e-06
    0.341143     0.130416     0.997728  -0.00130104  0.000359446  0.000411904 -0.000231585 -7.95408e-07
    0.355646      0.13598      1.03043  -0.00114225  0.000301117  0.000528521 -0.000216696  1.98624e-06
    0.369819     0.141458      1.06314  -0.00111677  0.000260117  0.000553002 -0.000227584 -8.71046e-07
    0.383607     0.146832      1.09584  -0.00103633  0.000237908  0.000586178 -0.000186046  1.40312e-06
    0.396951     0.152085      1.12854 -0.000671874  0.000325438  0.000560251  -0.00013386  2.63219e-07
     0.40979     0.157198      1.16123 -0.000371308  0.000381128  0.000527377 -0.000172354  2.87589e-06
    0.422061     0.162152      1.19391 -0.000427095  0.000340883  0.000346027 -0.000186153  7.69394e-07
    0.433697     0.166926      1.22659 -0.000346477  0.000298042  0.000198143 -0.000206702  2.21234e-06
    0.444631     0.171493      1.25927 -0.000289372  0.000306273  0.000230631 -6.97068e-06 -8.87382e-08
    0.454787     0.175834      1.29197 -7.47435e-05  0.000431611  0.000297961  0.000231346  1.43924e-06
    0.464089     0.179932      1.32466   0.00015362  0.000376703  0.000185557  0.000247396  1.36119e-06
    0.472461     0.183753      1.35735 -0.000702874  0.000211349 -0.000274605  8.36602e-05 -2.77459e-06
    0.479821      0.18727      1.39003  0.000182804  0.000469423  7.63095e-05  0.000246841  1.64392e-06
    0.486095     0.190456      1.42275  3.56311e-06  0.000650931  8.24551e-05  2.95642e-05 -3.58055e-06
    0.491217     0.193302      1.45546  0.000485339  0.000321664 -6.79605e-06 -0.000104595  2.00772e-06
    0.495161     0.195734      1.48818  0.000168164  0.000664808  0.000203684  9.45746e-05 -5.26844e-06
    0.497925     0.197777      1.52089 -0.000253498 -0.000153735 -0.000397427 -0.000150691 -5.00027e-07
    0.499505     0.199363      1.55363  0.000908595 -0.000747149 -0.000403487 -4.08484e-05 -4.56939e-06
         0.5          0.2         1.57            0            0            0            0 -2.17871e-33
