           0            0            0            0            0            0            0  1.27894e-34
  0.00187194   0.00543202     0.499831   -0.0785271    0.0184115  -0.00900211   -0.0133452  0.000207062
   0.0183497    0.0127203      0.49984    0.0972753   -0.0255562    0.0124831    0.0122792 -0.000385812
   0.0391171    0.0200191     0.499628   -0.0981732    0.0243172  -0.00849717   -0.0155317  0.000604796
   0.0556795    0.0265583     0.499916    0.0805709   -0.0165367    0.0049292     0.019226 -0.000835277
   0.0745691    0.0327753     0.498602   -0.0603154   -0.0104665   -0.0159104    -0.021862   0.00105757
   0.0914571    0.0384088     0.499916    0.0272681   0.00616099   0.00480406    0.0139846  -0.00125138
    0.107372    0.0437053     0.498209   0.00674951  0.000807152   0.00811289  -0.00998839   0.00137663
    0.122102     0.048683     0.499966   -0.0255934  -0.00173894   -0.0159468    0.0016265   -0.0013737
    0.135621    0.0532144     0.497696    0.0167722  -0.00773609   0.00904028  -0.00278171   0.00127361
    0.148469    0.0573954     0.499957  -0.00273269    0.0050199  -0.00715822  0.000888887  -0.00113257
    0.160119    0.0612529     0.497713  0.000777258  -0.00206876   0.00633688   -0.0027602   0.00103457
     0.17078    0.0648319     0.499974  -0.00386866   0.00315127  -0.00533909   0.00232362 -0.000957739
    0.180476    0.0680969     0.498505   0.00704551  -0.00239171   0.00617806 -0.000177408  0.000882031
    0.189387    0.0710738     0.499964  -0.00336181   0.00122645  -0.00135896    0.0027499 -0.000834218
    0.197359    0.0737798      0.49876   0.00576896 -0.000196271   0.00493106  -0.00383045  0.000736428
    0.204539    0.0762407     0.499963   -0.0012218  7.57665e-05  0.000140439   0.00165565 -0.000700911
    0.210887    0.0784438     0.499032   0.00537625 -0.000172885   0.00222444  -0.00419113  0.000622511
    0.216502    0.0804075     0.499958 -0.000574654   -0.0013392  0.000326367   0.00364246 -0.000561622
    0.221349    0.0821224     0.499312   0.00470806  0.000726754  0.000571664  -0.00309092   0.00047378
    0.225478     0.083618     0.499929  0.000344629  0.000178093  -0.00106759   0.00248018 -0.000392168
    0.228877    0.0848778     0.499525   0.00208549   0.00105441 -0.000588764  -0.00135174  0.000310151
    0.231576    0.0859229     0.499886 -0.000532711  0.000727333 -0.000832122   0.00233306 -0.000215423
    0.233567    0.0867379     0.499705  0.000280321   0.00187392 -0.000599963  0.000290978  0.000127381
    0.234861    0.0873461     0.499795 -0.000687139   0.00168565  0.000304907   0.00179434 -2.29128e-05
    0.235447    0.0877327     0.499828 -0.000504056   0.00253258 -1.28106e-05   0.00184843 -5.97417e-05
    0.235326    0.0879188     0.499666  0.000171262   0.00131477   0.00270358   0.00175885   0.00016528
    0.234495    0.0878775     0.499921  -0.00119189   0.00251978    0.0002703   0.00233796 -0.000257412
    0.232941    0.0876304     0.499445 -0.000994129  0.000322884   0.00392427  0.000484993  0.000337041
    0.230644    0.0871533     0.499948  -0.00123958   0.00216946 -8.51884e-06   0.00250702 -0.000450716
    0.227577    0.0864787     0.499234   0.00465921 -0.000668169   0.00555014 -0.000313005  0.000530036
    0.223753    0.0855421     0.499965 -0.000383552  0.000198725 -0.000447473   0.00293246 -0.000638869
    0.219118    0.0843803     0.498771   0.00523333  -0.00198051   0.00400245  -0.00246285   0.00072384
    0.213689     0.082897     0.499968  -0.00445762   0.00072661  -0.00325952   0.00214458 -0.000811052
    0.207347    0.0812122     0.498656      0.00691  -0.00140604   0.00426782  -0.00086518  0.000880498
     0.20012    0.0791978     0.499946    0.0042157   0.00407873  -0.00506323   0.00246323 -0.000915281
    0.191944    0.0769319     0.498074   0.00495983  -0.00237973   0.00406024  -0.00363968  0.000995081
    0.182777    0.0743329     0.499967  -0.00666468   0.00114768  -0.00959335   0.00321462  -0.00105937
    0.172554     0.071437     0.498047    0.0091268  -0.00245912    0.0050834   -0.0038473   0.00110342
    0.161306    0.0680392     0.499935  -0.00738172   0.00270712   -0.0040847   0.00994082  -0.00117371
    0.148834    0.0645204     0.498372    0.0139384   0.00111792   0.00614605  -0.00267055   0.00122039
    0.135207    0.0606174     0.499998  -0.00696349  -0.00279542  -0.00957626   0.00315295  -0.00122276
    0.120452    0.0560775     0.498161   -0.0191888  -0.00225646  -0.00447344  -0.00815132   0.00109649
    0.104316    0.0513004     0.499928    0.0462359    0.0101328    0.0151917    0.0131442 -0.000961596
   0.0872687    0.0460058     0.498975   -0.0517108  -0.00459259   -0.0150058   -0.0197706  0.000802069
   0.0691217    0.0408761     0.499934    0.0664202  -0.00546231    0.0122737    0.0156805 -0.000631462
   0.0513093    0.0333903     0.499199   -0.0761082    0.0159397  -0.00585111  -0.00959662  0.000409284
   0.0331204    0.0289982       0.4999    0.0632296   -0.0409366   -0.0125043   0.00210056 -0.000263715
   0.0151156    0.0194474     0.499807   -0.0277456    0.0228152    0.0123247   0.00124138  0.000139465
           0            0            0            0            0            0            0 -1.48206e-34
