           0            0            0            0            0            0            0 -5.18196e-33
   0.0187255   -0.0166655   -0.0247657   -0.0108254    -0.272045     0.499505   -0.0905732  0.000183463
   0.0387574   -0.0352353   0.00567079    0.0109841    -0.013716     0.139231    0.0179018  0.000223327
   0.0575755   -0.0537121   -0.0070025   -0.0132054    -0.187006     0.467924   -0.0775382  0.000487913
   0.0765156   -0.0721636  -0.00562042   0.00806001   -0.0633924     0.197439   0.00957249  0.000254589
   0.0953499   -0.0899124   0.00112517  -0.00890841    -0.150526     0.401881   -0.0627413  0.000339095
    0.114333    -0.106404  -0.00166431   0.00843791   -0.0849311     0.250824   0.00166521 -9.33593e-05
    0.133279    -0.121329  -0.00581561  -0.00762065    -0.136825     0.361607   -0.0639147 -0.000165764
    0.152074    -0.134795   0.00108964   0.00422218   -0.0986015     0.283883   -0.0143377 -0.000663871
    0.170881    -0.146778 -9.98323e-05  -0.00728107    -0.125047     0.337796    -0.055696 -0.000697423
    0.189801    -0.157452  -0.00542553  0.000703332    -0.109912     0.298974   -0.0261851 -0.000984292
    0.208511     -0.16689 -0.000443707   -0.0053407    -0.115856     0.331672   -0.0496221  -0.00077376
    0.226911    -0.175229  0.000793769   0.00338724    -0.118277       0.3132   -0.0231138 -0.000729266
    0.245547    -0.182522  0.000984349  5.27668e-05    -0.122388     0.315759   -0.0376241 -0.000240145
    0.263932    -0.188902  0.000703521   0.00269188    -0.119457     0.314548   -0.0280968  4.89711e-05
    0.280896    -0.194422  0.000865236  -0.00396154    -0.116539     0.316681   -0.0407841  0.000581366
    0.295851    -0.199197  0.000200849  -0.00354493    -0.123163     0.318331   -0.0238972  0.000830057
    0.308944    -0.203279   0.00270948  -0.00490624    -0.116322     0.315349   -0.0406333   0.00121841
    0.320175     -0.20674   0.00339813   -0.0044596      -0.1217     0.320348   -0.0293239   0.00119572
    0.329688    -0.209624   0.00386963   -0.0035445    -0.116089     0.315895   -0.0452363   0.00119342
    0.337475    -0.211984   0.00399973  -0.00533543    -0.123205     0.318682   -0.0272765  0.000782844
    0.343661    -0.213864   0.00441925  -0.00124946    -0.117393     0.313626   -0.0383494  0.000504783
    0.348262    -0.215288   0.00423534 -0.000808603    -0.122675     0.318378   -0.0266894  -6.4334e-05
    0.351361     -0.21629   0.00307941   0.00693115    -0.115873     0.311714   -0.0326141 -0.000424049
    0.352961    -0.216868   0.00193459   0.00612416    -0.120575     0.319588    -0.024891 -0.000906221
    0.353081    -0.217043  0.000887903   0.00863543    -0.114356     0.316472   -0.0335635  -0.00105358
    0.351677    -0.216805  0.000744882   0.00426929    -0.115987     0.319878   -0.0267842  -0.00121299
    0.348718    -0.216155  0.000955868   0.00272403    -0.114526     0.320135   -0.0286486  -0.00109632
    0.344196    -0.215084   0.00164404   0.00269812    -0.111572     0.319561   -0.0340639 -0.000898402
    0.338032    -0.213549   0.00170653    0.0029467    -0.113019     0.319402   -0.0333617 -0.000516682
    0.330244    -0.211527   0.00135287   0.00335366    -0.111784      0.31692   -0.0403038  -0.00014015
    0.320684    -0.208958   0.00149187  0.000270114     -0.11876     0.316842   -0.0251423  0.000218627
    0.309407    -0.205816   0.00554974 -0.000919926    -0.110301     0.318022   -0.0435127  0.000533019
    0.296174    -0.202013   0.00691356 -0.000376644    -0.116034     0.321821   -0.0250638  0.000748765
    0.281129    -0.197486   0.00632643  0.000426982     -0.10723     0.317003   -0.0434579  0.000858583
    0.264109    -0.192149   0.00378251   0.00385912    -0.114682     0.327169   -0.0232684  0.000800398
    0.245764    -0.185902   0.00203767  -0.00165948    -0.106813     0.320878   -0.0437174  0.000666093
    0.226866    -0.178658  -0.00382156 -0.000862405     -0.12056     0.319443   -0.0273636  0.000405068
    0.208346    -0.170322  0.000408257  -0.00640644    -0.106621      0.32395   -0.0488546  0.000201344
    0.189696    -0.160771  -0.00225099   0.00125634    -0.105949     0.318242   -0.0260612 -7.45802e-05
    0.170885    -0.149854  -0.00268723   -0.0023895    -0.111812     0.335066   -0.0539972 -0.000174025
    0.151894    -0.137502  0.000468827   0.00710813   -0.0992027     0.298464   -0.0161497 -0.000357145
    0.132953    -0.123511  -0.00177721  -0.00324437    -0.124869        0.348   -0.0601067 -0.000311744
    0.114119    -0.107949    0.0027527   0.00384906   -0.0860508     0.276301  -0.00262055 -0.000377144
   0.0948709   -0.0908259  -0.00289988  -0.00435613    -0.147982     0.373264   -0.0699019 -0.000185096
   0.0763017   -0.0727961   0.00123756   0.00827936   -0.0657137     0.233754    0.0180453 -0.000173497
   0.0569296   -0.0543749  -0.00690349  -0.00191265    -0.175317     0.423879   -0.0797522  3.89458e-06
   0.0385719   -0.0360218   0.00229318   0.00581696   -0.0297573     0.176715     0.015257 -1.30957e-05
   0.0192013   -0.0174606  -0.00845535  -0.00396858    -0.201157     0.498121   -0.0715853  4.71859e-05
           0            0            0            0            0            0            0 -1.68519e-34
