           0            0  1.96723e-32 -6.40974e-34 -4.71853e-33  2.17437e-31 -4.16964e-32  8.42848e-35
  0.00111608   0.00105637  -0.00362519 -2.08396e-06 -0.000120261  -0.00621615   0.00235955 -3.83696e-07
  0.00470773   0.00448077   -0.0125928 -5.39001e-06  -0.00026585   -0.0215219   0.00825605  1.31157e-07
    0.010937    0.0104491   -0.0248408  1.73517e-06 -7.16346e-05   -0.0423357     0.016497 -4.23967e-07
    0.019654    0.0188077   -0.0402155  1.91668e-05  0.000762282   -0.0681947     0.027072 -5.34868e-08
   0.0307186    0.0294137   -0.0585764  4.38907e-05   0.00258844   -0.0985993    0.0399926 -3.40058e-07
   0.0439911    0.0421263   -0.0797396  7.41494e-05   0.00571637    -0.133064    0.0552561 -2.58675e-07
   0.0593366    0.0568095    -0.103584  0.000108046    0.0104763      -0.1711    0.0728761 -1.07437e-07
   0.0766226    0.0733307     -0.12997  0.000135704    0.0172274    -0.212219    0.0928549  -3.6726e-07
   0.0957177    0.0915625    -0.158772   0.00015521    0.0262576    -0.255971     0.115179  3.87142e-08
    0.116492     0.111381    -0.189847  0.000161152    0.0378504    -0.301906     0.139834 -1.28872e-07
    0.138817     0.132669    -0.223055  0.000140608    0.0522234    -0.349637      0.16678 -1.67978e-08
    0.162563      0.15531    -0.258263  9.23241e-05    0.0695389    -0.398785     0.195958  3.12906e-07
    0.187601     0.179195    -0.295311  2.51962e-05    0.0898697    -0.449014     0.227307 -9.63549e-08
    0.213804     0.204215    -0.334036 -5.57427e-05     0.113235    -0.500013     0.260754  7.03306e-07
    0.241044     0.230266    -0.374299 -0.000153026     0.139641    -0.551478     0.296214  1.76175e-07
    0.269194     0.257244    -0.415915 -0.000251185     0.169022    -0.603157     0.333583  7.04786e-07
    0.298129      0.28505    -0.458738 -0.000340856     0.201359    -0.654777     0.372765  8.50502e-07
    0.327728     0.313583    -0.502625 -0.000433706     0.236598    -0.706094     0.413641  6.08006e-07
    0.357868     0.342745    -0.547415 -0.000536035     0.274698    -0.756876     0.456096  1.46544e-06
    0.388429     0.372437    -0.592974 -0.000644448     0.315586    -0.806906     0.499999  6.86036e-07
     0.41929     0.402559    -0.639165 -0.000758444     0.359134    -0.855986      0.54521  1.70729e-06
    0.450334     0.433012    -0.685818 -0.000876319     0.405175    -0.903942     0.591591  9.90269e-07
    0.481439     0.463693    -0.732795 -0.000995338     0.453474    -0.950645     0.638979  1.71144e-06
    0.512492     0.494498    -0.779923  -0.00109624     0.503798    -0.995981     0.687199  1.23128e-06
    0.543378     0.525321    -0.827063  -0.00117169     0.555879     -1.03986     0.736068  1.76546e-06
    0.573988     0.556059    -0.874062  -0.00122912     0.609442     -1.08223     0.785387  1.36017e-06
    0.604216     0.586604    -0.920788  -0.00127466     0.664239     -1.12303     0.834955  1.78317e-06
    0.633961     0.616848    -0.967095  -0.00130773      0.71999     -1.16222     0.884562  1.49723e-06
    0.663125     0.646685     -1.01285  -0.00134065      0.77642     -1.19975     0.933999  1.49663e-06
    0.691616     0.676006      -1.0579  -0.00137717     0.833234     -1.23558     0.983074  1.68264e-06
    0.719345     0.704704      -1.1021  -0.00141102      0.89016     -1.26965      1.03159  9.93544e-07
    0.746229     0.732671      -1.1453  -0.00144185     0.946919     -1.30191      1.07935  1.65307e-06
    0.772189     0.759799     -1.18733  -0.00145974      1.00321     -1.33232      1.12615  6.70782e-07
    0.797147     0.785985     -1.22804  -0.00146202      1.05875     -1.36088      1.17179  1.19546e-06
    0.821031     0.811122     -1.26729  -0.00145117      1.11323     -1.38756      1.21605  7.08418e-07
    0.843767     0.835109     -1.30487  -0.00141458      1.16635     -1.41239      1.25872  4.08374e-07
    0.865285     0.857847     -1.34066  -0.00137205      1.21779     -1.43536      1.29959  8.69912e-07
    0.885512     0.879237     -1.37447  -0.00131642      1.26718     -1.45651      1.33842  -2.1678e-07
    0.904376     0.899184     -1.40607  -0.00122896      1.31412     -1.47586      1.37501  7.56963e-07
    0.921798     0.917597     -1.43538   -0.0011349      1.35826     -1.49341      1.40914 -3.52332e-07
      0.9377     0.934388     -1.46223  -0.00102581      1.39919     -1.50919       1.4406  3.35984e-07
       0.952     0.949464     -1.48634 -0.000857977      1.43657     -1.52318      1.46917 -2.85183e-08
    0.964611     0.962743     -1.50768 -0.000674034      1.47003     -1.53538      1.49464 -1.22177e-07
    0.975444     0.974139     -1.52615 -0.000500131      1.49925     -1.54579      1.51679  3.79327e-07
    0.984409      0.98356     -1.54147 -0.000302328      1.52387      -1.5544      1.53538 -2.84943e-07
     0.99141     0.990922     -1.55372 -0.000168162      1.54359     -1.56116      1.55022   5.9269e-07
    0.996355     0.996136     -1.56278 -0.000114695      1.55807     -1.56604      1.56108  -1.7116e-07
    0.999151     0.999096     -1.56823 -4.73167e-05      1.56698       -1.569      1.56774  6.53042e-07
           1            1        -1.57 -4.65232e-33         1.57        -1.57         1.57  1.22628e-34
