 1.30752e-30  -9.0545e-32  -1.9801e-33  3.78566e-33  2.62309e-33  1.52871e-33  1.27894e-33 -1.64456e-33
    0.013672    0.0129405   -0.0444085 -2.55285e-05  -0.00147319   -0.0761478    0.0289045 -4.70028e-06
   0.0303257    0.0290084   -0.0654451 -1.49706e-05 -0.000310269    -0.111348    0.0433276  1.10072e-05
   0.0459832    0.0441034    -0.084592  0.000102254    0.0026894     -0.14362    0.0576242 -1.78075e-05
   0.0607995    0.0582901    -0.103748  0.000111284   0.00752607    -0.173153    0.0719194  2.23459e-05
   0.0747422    0.0716329    -0.121174  0.000191584    0.0148444    -0.199304    0.0863577 -2.58564e-05
   0.0878454    0.0840965    -0.138075  0.000179085    0.0234727    -0.222887     0.100621  2.68533e-05
    0.100137    0.0957728    -0.154013  0.000236148    0.0348364    -0.243053     0.115223 -2.50007e-05
    0.111617     0.106612    -0.169222   0.00010266     0.047865    -0.260663     0.129517  2.18178e-05
    0.122298     0.116727    -0.183601  0.000136295    0.0627548    -0.275291     0.143948 -1.68446e-05
    0.132189     0.126053    -0.197064 -6.35109e-05    0.0792567    -0.287422     0.158086  1.47917e-05
    0.141286     0.134717     -0.20974 -0.000188149    0.0968121    -0.297279        0.172 -1.34188e-05
    0.149606      0.14264    -0.221557 -0.000403329     0.115303    -0.304786     0.185433  1.74577e-05
    0.157116     0.149947    -0.232275 -0.000418988      0.13375    -0.310512     0.198582 -2.24711e-05
    0.163866     0.156549    -0.242112 -0.000572514     0.152481    -0.314234     0.211151   3.2267e-05
    0.169822     0.162576    -0.251104 -0.000619205     0.170983    -0.316209     0.223232 -3.87243e-05
    0.175015     0.167913    -0.258703 -0.000583245     0.188941    -0.316854     0.234544  4.51998e-05
    0.179444     0.172706    -0.265876  -0.00051522     0.207181    -0.315493     0.245434 -4.34148e-05
    0.183143     0.176826    -0.271742 -0.000622198     0.224501    -0.313139     0.255302  4.04442e-05
    0.186068     0.180403    -0.276928 -0.000631324     0.242221    -0.308944     0.264768 -2.99407e-05
    0.188305     0.183323    -0.281176 -0.000696741     0.258659     -0.30392     0.273045  2.03931e-05
    0.189748     0.185676    -0.284662 -0.000699709     0.274801    -0.297312      0.28078 -7.88272e-06
     0.19053     0.187372     -0.28684 -0.000744263      0.28921     -0.29015     0.287388  -9.0076e-07
    0.190514     0.188463    -0.288624 -0.000713723     0.302451    -0.281959     0.293126  9.73516e-06
    0.189881     0.188898    -0.288693 -0.000522292     0.314011    -0.273404     0.297566 -1.56172e-05
    0.188473     0.188694    -0.288766  -0.00040203     0.323986    -0.264168     0.301074  2.21609e-05
      0.1865     0.187843    -0.286976 -0.000301497     0.332164    -0.254803     0.303084 -2.71257e-05
    0.183795     0.186326     -0.28542 -0.000256366     0.339093    -0.244975     0.304127  3.23073e-05
    0.180578     0.184171    -0.281838 -0.000148692     0.343854    -0.235175     0.303553   -3.581e-05
    0.176683     0.181328    -0.278685 -0.000254594     0.347419    -0.224571     0.302052  3.58026e-05
    0.172329     0.177859    -0.273213 -0.000192774     0.348545     -0.21433     0.299118  -3.3524e-05
    0.167356     0.173683    -0.268185 -0.000221937     0.348807    -0.203049     0.295221  2.50826e-05
    0.161976     0.168914    -0.260983  -0.00015569     0.346487    -0.192079      0.28981 -1.70034e-05
     0.15603     0.163411    -0.253877 -6.34616e-05     0.343096    -0.180489     0.283521  4.97039e-06
    0.149708      0.15736    -0.244907  3.55118e-05     0.337202    -0.169302     0.275556  1.45689e-06
    0.142866     0.150578    -0.235901  9.74673e-05     0.330226    -0.157598     0.266642 -7.42314e-06
    0.135656     0.143263    -0.224441  0.000350716      0.32051    -0.146481     0.256098   3.7476e-06
    0.127939     0.135274    -0.213934  0.000170223     0.309674    -0.134932     0.244452  1.90624e-06
    0.119842     0.126758    -0.200207  0.000511328     0.295327    -0.124173     0.231281 -1.52182e-05
    0.111234     0.117584    -0.186899  0.000560033     0.279711    -0.112827     0.216965  2.71466e-05
    0.102184     0.107979    -0.172182  0.000592198     0.260932    -0.102178     0.201147 -4.07354e-05
   0.0926142    0.0977077    -0.156713  0.000744174     0.240502   -0.0910948     0.184228  4.91673e-05
   0.0825648    0.0869755    -0.138704   0.00131176     0.217352   -0.0803168     0.165769 -5.36325e-05
   0.0719254     0.075693    -0.122678   0.00094155     0.192561   -0.0691919     0.146217  5.24851e-05
   0.0607731    0.0639048     -0.10352   0.00118876     0.165405   -0.0583087     0.125077 -4.63417e-05
   0.0490495    0.0515008   -0.0842005   0.00123432     0.136213   -0.0471312     0.102718  3.82044e-05
    0.036719    0.0386874   -0.0658786  0.000409215     0.105354   -0.0356696    0.0790353 -2.74534e-05
   0.0238505     0.025183   -0.0450613  0.000245758    0.0720133   -0.0241117    0.0539757  1.80962e-05
    0.010401    0.0110766   -0.0217063  0.000579629    0.0370497   -0.0122107    0.0276517 -7.99976e-06
-2.52026e-34 -1.08391e-31 -1.36985e-31 -9.04886e-33  1.39603e-31 -7.70252e-32 -6.71668e-33 -1.09462e-34
